16338746
69603020
53380190
10970677
35792935
73634366
48154005
97535993
23324160
16597833
12159852
41239121
10009453
49656073
10497602
94447874
53732750
74493795
45885725
50783983
80431047
94450092
10020119
90971556
31716445
68471233
91312974
26870971
90672867
38550633
10699524
17551093
79712383
46530191
38896336
96421266
92503329
23264070
81032840
65604935
25713253
12732978
13816441
96488935
38773652
20349099
65575938
46800679
48479960
38995220
53732715
24611066
10420203
95429786
31658868
95866574
32208262
96173131
57808478
86888632
87841172
76459847
27422398
49025595
67556583
81057884
49126788
24102000
72713542
47695594
98443074
82954723
95126556
41008783
56365264
54243749
84167385
86587708
91651737
93122247
59088130
71250734
75086333
42189369
48863920
11277908
44648494
58639173
90733823
96210515
52991180
29825444
22139067
14889316
89431479
92830609
48772151
71651564
16888831
98665514
948712848
797998398
459402309
381622445
698832968
873375227
313195560
555094121
683468222
682842737
569990494
313964528
918750518
982648247
421730612
696212617
698509236
767888559
554611668
292384013
566667364
274078979
852067695
378444394
862896635
787207963
429502704
761527734
201428189
622882530
737985387
449886031
171806385
329205747
954199634
965236662
555206412
938432333
866404973
507413313
777970862
265898054
465488329
594692713
996913646
645290903
329109827
669171509
156176797
770915803
284317682
251529303
327896497
195917615
671320948
476982490
408455891
828924615
114873392
207642091
561274972
793883152
260437313
990710736
439900866
754543906
182830821
907743598
862322676
945207419
929262778
674716170
703639691
401221490
814027847
584508836
658486320
658461314
663541693
258891694
428244796
117396705
766203250
542436313
920916269
287306836
842420077
288872579
994579550
851385492
529979528
245961225
528496285
190100668
784192407
967747424
223882142
405476909
881107670
642957350
5734486108
7572052733
6624613864
9242464147
5484377469
9729973595
3486357614
8616527404
3952154537
4568831658
1157882903
6306047223
7670353087
9450090626
8756109313
9420445356
8889128733
7811390008
3876289727
8103504229
7294529893
5198077189
2741076304
1918791687
9943439258
1857644812
7296415187
7066974346
4972399009
4148596306
5624775438
2339406695
3039416260
2629248184
1444084166
5106220836
7182927439
4612676375
3080239526
3754225306
4384186635
4450967558
9172293193
1155257842
5446071274
1902298453
5212783295
3178634722
8230524485
6839859827
4419897851
4435354063
7420116720
1645490767
4996572541
1842581876
1936009952
2841882798
4881445130
5271048077
9996954154
2268490282
6057988154
9309418606
5347545568
7162923857
2445696964
9646082660
9252044923
7787418958
3777801365
2541539140
9849458600
1072743201
9531097569
4458876100
5918974012
4232538404
8997847387
6792671766
4201715115
5510093026
6731404809
7061433442
9852866441
4427741766
6218624510
8776389505
2549458962
5867294188
4560085653
6798523705
8651755451
5662271137
2584254435
5743734335
9925600946
3825775165
1357499585
3083814877
40192628411
60059057971
71320793917
80503593643
59187486152
72684712217
33104022592
24990034152
65475222261
20196107414
76381026808
21840276658
66740810034
31636711198
64642429468
77225423014
95610652133
19617353781
89887885967
49268401355
16969300466
99537984477
83194696826
22763734421
19034914397
69972173716
31126107654
17326481319
53600639969
90325011206
10384446142
50441644086
11823914716
90540463525
98755052099
12392667662
64562397763
57671639169
86489967372
89175080007
11377907328
31072775059
15122617635
75144656385
75004780692
50344208841
12909967243
38271827705
78853782890
37075350847
41202592768
51117102387
77746520903
40877865678
37159545433
96124926045
45144002184
39971816252
51514868103
79603180478
97292538910
28555014283
25310222754
77274774100
83527844597
15977888377
31956850310
78293196963
91538157050
41189843384
21325302351
52871670739
56622465428
81988377888
16408137473
37344466092
20608819068
34843102817
60619890594
21162734921
35566343691
27540776808
30979902653
69063831325
17931694501
67454356053
92064111868
80210018283
63335220455
82956811386
41321009595
39900384303
45299327478
14261368899
44620979428
40957769142
48178685293
65034788350
10166490162
25915402082
139713203420
243308130112
452992709282
666847143362
809135362897
773696435015
222672381261
977834475755
666883297241
583326321714
135858839112
418083304436
635742466118
939239669550
185198369301
398452755650
295032335669
852760702380
276287398018
250192512809
167548216416
173098569796
467365606223
562341510125
779821413972
115198690209
514633584940
748728834351
359953459903
783993550528
499375185633
985383278349
692939875325
867327490021
804663068033
702160487037
358135265706
474838601626
544869075850
616891858107
176462406471
854701765437
992322157349
756497434345
495298427178
291040887119
950266230808
734872793815
230111396319
688039221079
481767501171
906690915405
304546498346
964101856270
583663195287
199896554560
837891285295
608201795919
201959125296
603418881499
324819976882
598029344341
913720119555
234989635200
362052314735
165658282972
281569788214
482532095107
813845891244
853943815170
596110992279
964411821378
355928522338
911947865461
752931557162
939817187451
258285851596
829636293830
216122998484
795669185369
438182618568
432795299739
716230229608
543824091936
652298893822
644172667848
616139165063
654183516117
107526147165
580311752497
695416668656
648772882852
731601301434
553328658414
375911816080
559485297940
861329888039
171569195846
221276211599
456126668412
